Post-OCR Excelsior 1929-1932 - Llama 3.2 + patrones Diana/Irene
Inicio: 2026-09-21T20:10:28.901406
pagina,procesadas,corr_directas,corr_llm
0337_p337,102,1,0
0338_p338,112,0,0
0339_p339,51,1,0
0340_p340,5,0,0
0341_p341,3,0,0
0342_p342,12,0,0
0343_p343,60,1,0
0344_p344,13,0,0
0345_p345,18,0,0
0346_p346,10,0,0
0347_p347,3,0,0
0348_p348,78,2,0
0349_p349,17,0,0
0350_p350,58,4,0
0351_p351,126,4,0
0352_p352,15,0,0
0353_p353,114,3,0
0354_p354,5,0,0
0355_p355,43,0,0
0356_p356,115,2,0
0357_p357,39,0,0
0358_p358,35,0,0
0359_p359,35,0,0
0360_p360,78,0,0
0361_p361,82,1,0
0362_p362,12,0,0
0363_p363,13,0,0
0364_p364,29,0,0
0365_p365,48,0,0
0366_p366,72,1,0
0367_p367,42,0,0
0368_p368,58,1,0
0369_p369,31,0,0
0370_p370,15,0,0
0371_p371,29,0,0
0372_p372,56,1,0
0373_p373,76,1,0
0374_p374,68,0,0
0375_p375,11,0,0
0376_p376,0,0,0
0377_p377,60,0,0
0378_p378,39,0,0
0379_p379,9,0,0
0380_p380,12,1,0
0381_p381,104,0,0
0382_p382,56,0,0
0383_p383,51,1,0
0384_p384,5,0,0
0385_p385,2,0,0
0386_p386,15,0,0
0387_p387,67,0,0
0388_p388,14,0,0
0389_p389,22,1,0
0390_p390,7,1,0
0391_p391,3,0,0
0392_p392,79,0,0
0393_p393,95,1,0
0394_p394,85,1,0
0395_p395,52,0,0
0396_p396,49,0,0
0397_p397,119,0,0
0398_p398,13,0,0
0399_p399,41,0,0
0400_p400,5,0,0
0401_p401,77,1,0
0402_p402,22,1,0
0403_p403,97,4,0
0404_p404,96,1,0
0405_p405,24,0,0
0406_p406,77,0,0
0407_p407,31,0,0
0408_p408,51,2,0
0409_p409,46,3,0
0410_p410,29,0,0
0411_p411,99,6,0
0412_p412,8,0,0
0413_p413,78,2,0
0414_p414,51,0,0
0415_p415,88,1,0
0416_p416,58,0,0
0417_p417,23,0,0
0418_p418,91,1,0
0419_p419,103,2,0
0420_p420,20,0,0
0421_p421,15,0,0
0422_p422,25,0,0
0423_p423,16,0,0
0424_p424,19,0,0
0425_p425,119,2,0
0426_p426,56,0,0
0427_p427,53,1,0
0428_p428,5,0,0
0429_p429,50,1,0
0430_p430,13,0,0
0431_p431,19,0,0
0432_p432,30,2,0
0433_p433,1,0,0
0434_p434,23,1,0
0435_p435,96,0,0
0436_p436,6,0,0
0437_p437,2,0,0
0438_p438,5,0,0
0439_p439,16,0,0
0440_p440,7,0,0
0441_p441,80,3,0
0442_p442,67,0,0
0443_p443,51,0,0
0444_p444,67,0,0
0445_p445,102,0,0
0446_p446,9,0,0
0447_p447,12,0,0
0448_p448,86,0,0
0449_p449,52,2,0
0450_p450,38,0,0
0451_p451,36,0,0
0452_p452,44,0,0
0453_p453,60,1,0
0454_p454,53,0,0
0455_p455,5,0,0
0456_p456,48,0,0
0457_p457,6,0,0
0458_p458,57,0,0
0459_p459,47,0,0
0460_p460,17,0,0
0461_p461,83,0,0
0462_p462,34,1,0
0463_p463,27,0,0
0464_p464,71,1,0
0465_p001,0,0,0
0466_p002,90,1,0
0467_p003,20,0,0
0468_p004,8,0,0
0469_p005,6,0,0
0470_p006,3,0,0
0471_p007,23,0,0
0472_p008,12,0,0
0473_p009,19,0,0
0474_p010,11,0,0
0475_p011,8,0,0
0476_p012,41,1,0
0477_p013,19,0,0
0478_p014,58,0,0
0479_p015,60,0,0
0480_p016,126,0,0
0481_p017,26,0,0
0482_p018,115,2,0
0483_p019,60,0,0
0484_p020,115,1,0
0485_p021,54,1,0
0486_p022,55,0,0
0487_p023,68,0,0
0488_p024,68,2,0
0489_p025,127,4,0
0490_p026,87,2,0
0491_p027,24,0,0
0492_p028,45,2,0
0493_p029,18,0,0
0494_p030,65,0,0
0495_p031,17,1,0
0496_p032,71,0,0
0497_p033,30,0,0
0498_p034,118,2,0
0499_p035,80,0,0
0500_p036,79,0,0
0501_p037,96,0,0
0502_p038,110,0,0
0503_p039,27,0,0
0504_p040,10,0,0
0505_p041,0,0,0
0506_p042,6,0,0
0507_p043,38,0,0
0508_p044,16,0,0
0509_p045,80,0,0
0510_p046,43,0,0
0511_p047,22,0,0
0512_p048,21,0,0
0513_p049,15,0,0
0514_p050,38,1,0
0515_p051,22,0,0
0516_p052,10,0,0
0517_p053,32,0,0
0518_p054,88,0,0
0519_p055,62,0,0
0520_p056,46,1,0
0521_p057,66,1,0
0522_p058,92,0,0
0523_p059,46,1,0
0524_p060,62,0,0
0525_p061,67,1,0
0526_p062,93,0,0
0527_p063,61,0,0
0528_p064,117,0,0
0529_p065,39,0,0
0530_p066,41,1,0
0531_p067,100,1,0
0532_p068,80,1,0
0533_p069,91,0,0
0534_p070,73,0,0
0535_p071,21,0,0
0536_p072,9,0,0
0537_p073,9,0,0
0538_p074,86,0,0
0539_p075,54,1,0
0540_p076,82,1,0
0541_p077,63,0,0
0542_p078,29,1,0
0543_p079,71,1,0
0544_p080,101,3,0
0545_p081,223,0,0
0546_p082,12,0,0
0547_p083,20,0,0
0548_p084,82,2,0
0549_p085,55,1,0
0550_p086,12,0,0
0551_p087,21,0,0
0552_p088,53,1,0
0553_p089,28,1,0
0554_p090,4,0,0
0555_p091,115,0,0
0556_p092,101,2,0
0557_p093,109,1,0
0558_p094,115,4,0
0559_p095,94,1,0
0560_p096,99,2,0
0561_p097,20,0,0
0562_p098,65,0,0
0563_p099,24,1,0
0564_p100,74,1,0
0565_p101,10,0,0
0566_p102,8,1,0
0567_p103,12,0,0
0568_p104,70,1,0
0569_p105,95,0,0
0570_p106,74,0,0
0571_p107,38,0,0
0572_p108,53,0,0
0573_p109,100,3,0
0574_p110,48,2,0
0575_p111,30,0,0
0576_p112,14,0,0
0577_p113,90,3,0
0578_p114,24,1,0
0579_p115,67,1,0
0580_p116,85,3,0
0581_p117,8,0,0
0582_p118,103,1,0
0583_p119,183,0,0
0584_p120,54,1,0
0585_p121,5,0,0
0586_p122,11,0,0
0587_p123,18,0,0
0588_p124,71,1,0
0589_p125,19,0,0
0590_p126,15,0,0
0591_p127,13,0,0
0592_p128,101,4,0
0593_p129,36,0,0
0594_p130,110,1,0
0595_p131,115,1,0
0596_p132,98,2,0
0597_p133,113,3,0
0598_p134,86,1,0
0599_p135,70,0,0
0600_p136,94,0,0
0601_p137,26,0,0
0602_p138,89,1,0
0603_p139,63,0,0
0604_p140,18,0,0
0605_p141,7,0,0
0606_p142,12,0,0
0607_p143,23,0,0
0608_p144,56,1,0
0609_p145,82,0,0
0610_p146,102,0,0
0611_p147,57,1,0
0612_p148,30,0,0
0613_p149,133,0,0
0614_p150,93,0,0
0615_p151,38,0,0
0616_p152,48,1,0
0617_p153,57,1,0
0618_p154,86,1,0
0619_p155,88,1,0
0620_p156,99,0,0
0621_p157,40,2,0
0622_p158,106,1,0
0623_p159,161,0,0
0624_p160,63,2,0
0625_p161,4,0,0
0626_p162,4,0,0
0627_p163,75,1,0
0628_p164,32,0,0
0629_p165,24,0,0
0630_p166,13,0,0
0631_p167,19,0,0
0632_p168,100,0,0
0633_p169,107,1,0
0634_p170,8,0,0
0635_p171,91,0,0
0636_p172,85,0,0
0637_p173,104,2,0
0638_p174,16,0,0
0639_p175,74,1,0
0640_p176,16,0,0
0641_p177,62,0,0
0642_p178,62,1,0
0643_p179,75,0,0
0644_p180,79,1,0
0645_p181,120,0,0
0646_p182,22,0,0
0647_p183,81,0,0
0648_p184,84,1,0
0649_p185,87,1,0
0650_p186,128,0,0
0651_p187,31,0,0
0652_p188,101,3,0
0653_p189,45,0,0
0654_p190,100,3,0
0655_p191,96,1,0
0656_p192,42,1,0
0657_p193,73,0,0
0658_p194,8,0,0
0659_p195,71,1,0
0660_p196,77,0,0
0661_p197,43,1,0
0662_p198,209,0,0
0663_p199,7,0,0
0664_p200,17,0,0
0665_p201,66,1,0
0666_p202,23,0,0
0667_p203,57,3,0
0668_p204,15,0,0
0669_p205,23,0,0
0670_p206,48,0,0
0671_p207,98,1,0
0672_p208,29,0,0
0673_p209,60,0,0
0674_p210,99,2,0
0675_p211,101,0,0
0676_p212,45,0,0
0677_p213,53,0,0
0678_p214,22,0,0
0679_p215,46,0,0
0680_p216,114,2,0
0681_p217,67,0,0
0682_p218,16,0,0
0683_p219,19,0,0
0684_p220,79,2,0
0685_p221,81,0,0
0686_p222,110,2,0
0687_p223,105,1,0
0688_p224,6,0,0
0689_p225,99,0,0
0690_p226,103,1,0
0691_p227,20,0,0
0692_p228,38,0,0
0693_p229,54,0,0
0694_p230,88,1,0
0695_p231,56,0,0
0696_p232,6,0,0
0697_p233,42,0,0
0698_p234,103,0,0
0699_p235,91,1,0
0700_p236,180,0,0
0701_p237,64,1,0
0702_p238,13,0,0
0703_p239,11,0,0
0704_p240,10,0,0
0705_p241,120,1,0
0706_p242,15,0,0
0707_p243,13,0,0
0708_p244,29,0,0
0709_p245,35,0,0
0710_p246,18,0,0
0711_p247,104,1,0
0712_p248,111,2,0
0713_p249,56,0,0
0714_p250,19,0,0
0715_p251,93,1,0
0716_p252,7,0,0
0717_p253,108,1,0
0718_p254,39,0,0
0719_p255,96,5,0
0720_p256,66,2,0
0721_p257,60,1,0
0722_p258,30,0,0
0723_p259,33,0,0
0724_p260,23,0,0
0725_p261,83,2,0
0726_p262,97,3,0
0727_p263,9,0,0
0728_p264,58,0,0
0729_p265,100,2,0
0730_p266,140,0,0
0731_p267,67,0,0
0732_p268,98,1,0
0733_p269,23,0,0
0734_p270,70,1,0
0735_p271,36,0,0
0736_p272,42,3,0
0737_p273,69,5,0
0738_p274,14,0,0
0739_p275,99,3,0
0740_p276,171,0,0
0741_p277,61,1,0
0742_p278,11,0,0
0743_p279,5,0,0
0744_p280,14,0,0
0745_p281,85,0,0
0746_p282,11,0,0
0747_p283,7,0,0
0748_p284,41,0,0
0749_p285,10,0,0
0750_p286,49,2,0
0751_p287,102,6,0
0752_p288,59,0,0
0753_p289,15,1,0
0754_p290,100,1,0
0755_p291,7,0,0
0756_p292,29,0,0
0757_p293,63,1,0
0758_p294,19,1,0
0759_p295,113,1,0
0760_p296,77,0,0
0761_p297,108,2,0
0762_p298,30,0,0
0763_p299,42,0,0
0764_p300,38,1,0
0765_p301,115,2,0
0766_p302,109,0,0
0767_p303,49,0,0
0768_p304,50,0,0
0769_p305,96,0,0
0770_p306,92,3,0
0771_p307,89,0,0
0772_p308,9,0,0
0773_p309,117,0,0
0774_p310,118,3,0
0775_p311,17,0,0
0776_p312,94,2,0
0777_p313,105,2,0
0778_p314,63,1,0
0779_p315,30,1,0
0780_p316,107,0,0
0781_p317,188,1,0
0782_p318,8,0,0
0783_p319,21,0,0
0784_p320,76,1,0
0785_p321,19,0,0
0786_p322,15,0,0
0787_p323,13,0,0
0788_p324,5,0,0
0789_p325,70,1,0
0790_p326,106,1,0
0791_p327,57,0,0
0792_p328,8,0,0
0793_p329,93,4,0
0794_p330,96,2,0
0795_p331,23,0,0
0796_p332,103,1,0
0797_p333,20,1,0
0798_p334,78,0,0
0799_p335,65,0,0
0800_p336,120,1,0
0801_p337,76,0,0
0802_p338,117,1,0
0803_p339,25,0,0
0804_p340,27,1,0
0805_p341,119,1,0
0806_p342,20,0,0
0807_p343,19,1,0
0808_p344,97,0,0
0809_p345,109,3,0
0810_p346,24,0,0
0811_p347,99,2,0
0812_p348,95,0,0
0813_p349,61,0,0
0814_p350,14,0,0
0815_p351,55,0,0
0816_p352,81,1,0
0817_p353,53,0,0
0818_p354,19,0,0
0819_p355,17,0,0
0820_p356,87,2,0
0821_p357,61,1,0
0822_p358,58,2,0
0823_p359,161,0,0
0824_p360,63,1,0
0825_p361,4,0,0
0826_p362,3,0,0
0827_p363,72,2,0
0828_p364,18,0,0
0829_p365,34,0,0
0830_p366,10,0,0
0831_p367,43,0,0
0832_p368,80,1,0
0833_p369,55,1,0
0834_p370,27,1,0
0835_p371,8,0,0
0836_p372,107,4,0
0837_p373,109,3,0
0838_p374,25,0,0
0839_p375,85,1,0
0840_p376,26,1,0
0841_p377,92,1,0
0842_p378,92,0,0
0843_p379,79,0,0
0844_p380,18,0,0
0845_p381,45,0,0
0846_p382,94,0,0
0847_p383,97,0,0
0848_p384,85,2,0
0849_p385,112,1,0
0850_p386,15,0,0
0851_p387,88,3,0
0852_p388,101,5,0
0853_p389,94,0,0
0854_p390,37,0,0
0855_p391,34,0,0
0856_p392,113,7,0
0857_p393,80,2,0
0858_p394,11,0,0
0859_p395,82,1,0
0860_p396,31,1,0
0861_p397,106,5,0
0862_p398,149,0,0
0863_p399,4,0,0
0864_p400,9,0,0
0865_p401,13,0,0
0866_p402,60,1,0
0867_p403,12,0,0
0868_p404,2,0,0
0869_p405,63,2,0
0870_p406,59,1,0
0871_p407,71,1,0
0872_p408,14,0,0
0873_p409,31,0,0
0874_p410,68,1,0
0875_p411,25,0,0
0876_p412,70,0,0
0877_p413,25,1,0
0878_p414,61,0,0
0879_p415,121,1,0
0880_p416,81,1,0
0881_p417,39,2,0
0882_p418,99,1,0
0883_p419,6,0,0
0884_p420,10,0,0
0885_p421,69,0,0
0886_p422,84,2,0
0887_p423,32,0,0
0888_p424,102,1,0
0889_p425,14,0,0
0890_p426,102,1,0
0891_p427,16,1,0
0892_p428,89,0,0
0893_p429,81,1,0
0894_p430,102,0,0
0895_p431,102,2,0
0896_p432,105,0,0
0897_p433,117,2,0
0898_p434,58,1,0
0899_p435,50,0,0
0900_p436,109,8,0
0901_p437,162,0,0
0902_p438,70,1,0
0903_p439,4,0,0
0904_p440,11,0,0
0905_p441,11,0,0
0906_p442,71,0,0
0907_p443,8,2,0
0908_p444,15,0,0
0909_p445,14,0,0
0910_p446,77,1,0
0911_p447,94,11,0
0912_p448,69,0,0
0913_p449,20,1,0
0914_p450,11,0,0
0915_p451,20,0,0
0916_p452,67,1,0
0917_p453,43,0,0
0918_p454,103,0,0
0919_p455,55,0,0
0920_p456,100,0,0
0921_p457,13,0,0
0922_p458,117,3,0
0923_p459,6,0,0
0924_p460,8,0,0
0925_p461,88,1,0
0926_p462,22,0,0
0927_p463,84,1,0
0928_p464,116,2,0
0929_p465,71,1,0
0930_p466,102,1,0
0931_p467,108,0,0
0932_p468,99,1,0
0933_p469,97,2,0
0934_p470,105,2,0
0935_p471,49,1,0
0936_p472,97,4,0
0937_p473,8,0,0
0938_p474,67,2,0
0939_p475,31,1,0
0940_p476,107,7,0
0941_p477,153,0,0
0942_p478,71,1,0
0943_p479,4,0,0
0944_p480,10,0,0
0945_p481,17,0,0
0946_p482,75,0,0
0947_p483,18,0,0
0948_p484,57,0,0
0949_p485,12,0,0
0950_p486,7,0,0
0951_p487,91,5,0
0952_p488,109,3,0
0953_p489,89,0,0
0954_p490,28,0,0
0955_p491,90,1,0
0956_p492,110,2,0
0957_p493,62,0,0
0958_p494,58,0,0
0959_p495,24,0,0
0960_p496,57,0,0
0961_p497,20,0,0
0962_p498,54,0,0
0963_p499,37,0,0
0964_p500,35,0,0
0965_p501,98,0,0
0966_p502,87,1,0
0967_p503,122,0,0
0968_p504,33,0,0
0969_p505,75,1,0
0970_p506,17,0,0
0971_p507,36,0,0
0972_p508,48,0,0
0973_p509,73,3,0
0974_p510,63,2,0
0975_p511,57,0,0
0976_p512,75,1,0
0977_p513,78,2,0
0978_p514,10,0,0
0979_p515,87,7,0
0980_p516,49,1,0
0981_p517,186,1,0
0982_p518,66,1,0
0983_p519,5,0,0
0984_p520,7,0,0
0985_p521,11,0,0
0986_p522,86,0,0
0987_p523,8,0,0
0988_p524,9,0,0
0989_p525,27,0,0
0990_p526,110,1,0
0991_p527,114,1,0
0992_p528,13,0,0
0993_p529,108,4,0
0994_p530,136,4,0
0995_p531,115,3,0
0996_p532,21,0,0
0997_p533,111,2,0
0998_p534,32,0,0
0999_p535,20,0,0
1000_p536,70,0,0
1001_p537,120,0,0
1002_p538,25,0,0
1003_p539,64,1,0
1004_p540,40,0,0
1005_p541,61,1,0
1006_p542,27,0,0
1007_p543,61,1,0
1008_p544,121,1,0
1009_p545,34,0,0
1010_p546,74,3,0
1011_p547,59,0,0
1012_p548,98,0,0
1013_p549,14,0,0
1014_p550,50,0,0
1015_p551,83,1,0
1016_p552,77,0,0
1017_p553,71,1,0
1018_p554,62,0,0
1019_p555,81,2,0
1020_p556,80,4,0
1021_p557,170,0,0
1022_p558,59,1,0
1023_p559,5,0,0
1024_p560,9,0,0
1025_p561,15,0,0
1026_p562,72,0,0
1027_p563,9,0,0
1028_p564,9,0,0
1029_p565,20,0,0
1030_p566,63,2,0
1031_p567,32,0,0
1032_p568,98,5,0
1033_p569,6,0,0
1034_p570,129,2,0
1035_p571,100,0,0
1036_p572,65,0,0
1037_p573,22,0,0
1038_p574,73,2,0
1039_p575,18,0,0
1040_p576,113,1,0
1041_p577,56,1,0
1042_p578,72,1,0
1043_p579,25,0,0
1044_p580,44,0,0
1045_p581,65,0,0
1046_p582,33,0,0
1047_p583,120,1,0
1048_p584,84,0,0
1049_p585,10,0,0
1050_p586,73,1,0
1051_p587,4,0,0
1052_p588,70,1,0
1053_p589,55,0,0
1054_p590,76,1,0
1055_p591,4,0,0
1056_p592,59,2,0
1057_p593,49,2,0
1058_p594,109,1,0
1059_p595,219,0,0
1060_p596,59,1,0
1061_p597,5,0,0
1062_p598,17,0,0
1063_p599,15,0,0
1064_p600,68,1,0
1065_p601,7,0,0
1066_p602,15,0,0
1067_p603,12,0,0
1068_p604,10,0,0
1069_p605,13,0,0
1070_p606,110,0,0
1071_p607,14,1,0
1072_p608,93,0,0
1073_p609,114,1,0
1074_p610,8,0,0
1075_p611,29,0,0
1076_p612,75,2,0
1077_p613,21,0,0
1078_p614,118,0,0
1079_p615,56,0,0
1080_p616,57,1,0
1081_p617,8,0,0
1082_p618,6,0,0
1083_p619,27,0,0
1084_p620,127,0,0
1085_p621,50,3,0
1086_p622,64,0,0
1087_p623,71,0,0
1088_p624,84,0,0
1089_p625,23,0,0
1090_p626,53,0,0
1091_p627,92,2,0
1092_p628,111,2,0
1093_p629,74,3,0
1094_p630,105,0,0
1095_p631,15,0,0
1096_p632,95,1,0
1097_p633,102,0,0
1098_p634,68,0,0
1099_p635,195,0,0
1100_p636,56,1,0
1101_p637,4,0,0
1102_p001,4,0,0
1103_p002,21,0,0
1104_p003,75,0,0
1105_p004,7,0,0
1106_p005,1,0,0
1107_p006,14,1,0
1108_p007,4,0,0
1109_p008,92,3,0
1110_p009,114,7,0
1111_p010,104,2,0
1112_p011,10,0,0
1113_p012,8,0,0
1114_p013,62,1,0
1115_p014,99,1,0
1116_p015,70,0,0
1117_p016,15,0,0
1118_p017,69,1,0
1119_p018,88,1,0
1120_p019,48,0,0
1121_p020,31,0,0
1122_p021,42,0,0
1123_p022,78,1,0
1124_p023,103,4,0
1125_p024,114,2,0
1126_p025,79,0,0
1127_p026,101,5,0
1128_p027,40,1,0
1129_p028,50,2,0
1130_p029,8,0,0
1131_p030,45,1,0
1132_p031,9,0,0
1133_p032,56,2,0
1134_p033,68,1,0
1135_p034,75,1,0
1136_p035,61,1,0
1137_p036,18,0,0
1138_p037,114,0,0
1139_p038,47,0,0
1140_p039,3,0,0
1141_p040,42,0,0
1142_p041,73,0,0
1143_p042,8,0,0
1144_p043,13,1,0
1145_p044,18,0,0
1146_p045,2,0,0
1147_p046,91,4,0
1148_p047,114,7,0
1149_p048,108,4,0
1150_p049,14,0,0
1151_p050,105,0,0
1152_p051,73,2,0
1153_p052,10,0,0
1154_p053,48,0,0
1155_p054,50,1,0
1156_p055,83,3,0
1157_p056,111,1,0
1158_p057,58,1,0
1159_p058,46,2,0
1160_p059,48,2,0
1161_p060,78,1,0
1162_p061,76,1,0
1163_p062,91,1,0
1164_p063,14,0,0
1165_p064,38,1,0
1166_p065,80,1,0
1167_p066,80,1,0
1168_p067,84,2,0
1169_p068,61,1,0
1170_p069,45,0,0
1171_p070,56,1,0
1172_p071,53,3,0
1173_p072,46,0,0
1174_p073,16,0,0
1175_p074,86,2,0
1176_p075,53,0,0
1177_p076,54,2,0
1178_p077,15,0,0
1179_p078,2,0,0
1180_p079,39,0,0
1181_p080,76,0,0
1182_p081,16,0,0
1183_p082,9,0,0
1184_p083,47,0,0
1185_p084,6,0,0
1186_p085,94,3,0
1187_p086,114,2,0
1188_p087,109,2,0
1189_p088,17,0,0
1190_p089,76,0,0
1191_p090,94,2,0
1192_p091,6,0,0
1193_p092,10,0,0
1194_p093,62,1,0
1195_p094,62,1,0
1196_p095,45,0,0
1197_p096,103,2,0
1198_p097,34,0,0
1199_p098,49,1,0
1200_p099,48,1,0
1201_p100,90,0,0
1202_p101,13,1,0
1203_p102,65,1,0
1204_p103,64,1,0
1205_p104,18,0,0
1206_p105,76,2,0
1207_p106,60,1,0
1208_p107,9,0,0
1209_p108,84,2,0
1210_p109,10,0,0
1211_p110,107,2,0
1212_p111,94,2,0
1213_p112,208,1,0
1214_p113,22,0,0
1215_p114,74,0,0
1216_p115,81,0,0
1217_p116,52,2,0
1218_p117,15,0,0
1219_p118,1,0,0
1220_p119,24,0,0
1221_p120,59,0,0
1222_p121,21,0,0
1223_p122,19,0,0
1224_p123,18,0,0
1225_p124,20,0,0
1226_p125,91,5,0
1227_p126,79,4,0
1228_p127,111,2,0
1229_p128,90,2,0
1230_p129,10,0,0
1231_p130,45,0,0
1232_p131,44,0,0
1233_p132,52,1,0
1234_p133,45,0,0
1235_p134,77,2,0
1236_p135,62,0,0
1237_p136,88,2,0
1238_p137,17,0,0
1239_p138,63,0,0
1240_p139,32,1,0
1241_p140,55,1,0
1242_p141,97,0,0
1243_p142,52,2,0
1244_p143,37,0,0
1245_p144,68,3,0
1246_p145,109,2,0
1247_p146,7,0,0
1248_p147,96,1,0
1249_p148,43,0,0
1250_p149,43,0,0
1251_p150,84,2,0
1252_p151,10,0,0
1253_p152,75,1,0
1254_p153,61,0,0
1255_p154,71,1,0
1256_p155,55,0,0
1257_p156,60,0,0
1258_p157,56,2,0
1259_p158,85,0,0
1260_p159,45,0,0
1261_p160,55,2,0
1262_p161,3,0,0
1263_p162,10,0,0
1264_p163,42,0,0
1265_p164,74,0,0
1266_p165,18,0,0
1267_p166,9,0,0
1268_p167,14,1,0
1269_p168,2,0,0
1270_p169,51,0,0
1271_p170,65,1,0
1272_p171,90,3,0
1273_p172,108,5,0
1274_p173,105,1,0
1275_p174,12,0,0
1276_p175,100,1,0
1277_p176,70,0,0
1278_p177,49,0,0
1279_p178,68,0,0
1280_p179,84,3,0
1281_p180,100,2,0
1282_p181,42,0,0
1283_p182,40,0,0
1284_p183,7,0,0
1285_p184,70,1,0
1286_p185,99,1,0
1287_p186,79,0,0
1288_p187,96,4,0
1289_p188,101,7,0
1290_p189,15,0,0
1291_p190,28,1,0
1292_p191,68,0,0
1293_p192,7,0,0
1294_p193,89,3,0
1295_p194,97,2,0
1296_p195,48,2,0
1297_p196,58,0,0
1298_p197,35,1,0
1299_p198,96,0,0
1300_p199,52,0,0
1301_p200,7,0,0
1302_p201,27,0,0
1303_p202,72,0,0
1304_p203,10,0,0
1305_p204,12,0,0
1306_p205,59,1,0
1307_p206,2,0,0
1308_p207,89,2,0
1309_p208,109,2,0
1310_p209,21,0,0
1311_p210,58,0,0
1312_p211,88,4,0
1313_p212,98,8,0
1314_p213,76,2,0
1315_p214,21,2,0
1316_p215,47,0,0
1317_p216,72,0,0
1318_p217,102,0,0
1319_p218,71,0,0
1320_p219,39,0,0
1321_p220,41,0,0
1322_p221,8,0,0
1323_p222,76,3,0
1324_p223,102,2,0
1325_p224,91,3,0
1326_p225,33,2,0
1327_p226,64,2,0
1328_p227,69,0,0
1329_p228,97,2,0
1330_p229,76,1,0
1331_p230,11,1,0
1332_p231,61,1,0
1333_p232,49,1,0
1334_p233,60,1,0
1335_p234,37,0,0
1336_p235,94,4,0
1337_p236,75,2,0
1338_p237,55,0,0
1339_p238,53,2,0
1340_p239,4,0,0
1341_p240,6,0,0
1342_p241,29,0,0
1343_p242,69,1,0
1344_p243,26,1,0
1345_p244,27,0,0
1346_p245,14,0,0
1347_p246,2,0,0
1348_p247,95,1,0
1349_p248,113,2,0
1350_p249,104,1,0
1351_p250,34,1,0
1352_p251,94,6,0
1353_p252,62,2,0
1354_p253,25,1,0
1355_p254,19,0,0
1356_p255,21,0,0
1357_p256,65,0,0
1358_p257,102,2,0
1359_p258,90,1,0
1360_p259,29,1,0
1361_p260,46,0,0
1362_p261,56,0,0
1363_p262,67,1,0
1364_p263,85,0,0
1365_p264,67,1,0
1366_p265,82,1,0
1367_p266,8,0,0
1368_p267,85,1,0
1369_p268,76,1,0
1370_p269,17,0,0
1371_p270,67,0,0
1372_p271,47,1,0
1373_p272,85,2,0
1374_p273,36,3,0
1375_p274,35,2,0
1376_p275,23,0,0
1377_p276,106,3,0
1378_p277,54,0,0
1379_p278,56,2,0
1380_p279,10,0,0
1381_p280,6,1,0
1382_p281,45,0,0
1383_p282,65,3,0
1384_p283,23,2,0
1385_p284,9,1,0
1386_p285,12,1,0
1387_p286,3,0,0
1388_p287,8,1,0
1389_p288,42,0,0
1390_p289,50,2,0
1391_p290,89,4,0
1392_p291,80,1,0
1393_p292,111,6,0
1394_p293,57,2,0
1395_p294,22,0,0
1396_p295,56,1,0
1397_p296,84,1,0
1398_p297,92,1,0
1399_p298,67,1,0
1400_p299,31,1,0
1401_p300,44,0,0
1402_p301,88,3,0
1403_p302,68,1,0
1404_p303,104,2,0
1405_p304,7,0,0
1406_p305,94,0,0
1407_p306,110,0,0
1408_p307,93,3,0
1409_p308,54,1,0
1410_p309,94,0,0
1411_p310,75,0,0
1412_p311,75,0,0
1413_p312,90,2,0
1414_p313,75,1,0
1415_p314,78,9,0
1416_p315,49,2,0
1417_p316,57,4,0
1418_p317,4,1,0
1419_p318,11,0,0
1420_p319,23,1,0
1421_p320,71,2,0
1422_p321,16,0,0
1423_p322,13,1,0
1424_p323,49,1,0
1425_p324,2,0,0
1426_p325,11,0,0
1427_p326,68,2,0
1428_p327,90,3,0
1429_p328,111,2,0
1430_p329,81,4,0
1431_p330,9,0,0
1432_p331,8,0,0
1433_p332,62,0,0
1434_p333,63,0,0
1435_p334,81,0,0
1436_p335,83,0,0
1437_p336,55,0,0
1438_p337,35,1,0
1439_p338,42,0,0
1440_p339,45,0,0
1441_p340,66,0,0
1442_p341,112,1,0
1443_p342,91,1,0
1444_p343,78,3,0
1445_p344,55,0,0
1446_p345,11,0,0
1447_p346,53,3,0
1448_p347,62,3,0
1449_p348,52,2,0
1450_p349,66,1,0
1451_p350,84,1,0
1452_p351,60,2,0
1453_p352,86,2,0
1454_p353,45,0,0
1455_p354,107,0,0
1456_p355,51,0,0
1457_p356,55,2,0
1458_p357,10,0,0
1459_p358,7,0,0
1460_p359,24,0,0
1461_p360,91,0,0
1462_p361,8,0,0
1463_p362,8,0,0
1464_p363,86,4,0
1465_p364,108,2,0
1466_p365,103,2,0
1467_p366,39,0,0
1468_p367,21,0,0
1469_p368,2,0,0
1470_p369,74,4,0
1471_p370,66,1,0
1472_p371,74,1,0
1473_p372,35,0,0
1474_p373,11,0,0
1475_p374,56,3,0
1476_p375,70,0,0
1477_p376,76,0,0
1478_p377,42,0,0
1479_p378,36,0,0
1480_p379,48,0,0
1481_p380,61,1,0
1482_p381,72,2,0
1483_p382,68,2,0
1484_p383,20,0,0
1485_p384,58,0,0
1486_p385,50,0,0
1487_p386,8,0,0
1488_p387,87,4,0
1489_p388,101,2,0
1490_p389,89,4,0
1491_p390,51,1,0
1492_p391,88,1,0
1493_p392,78,4,0
1494_p393,9,0,0
1495_p394,101,1,0
1496_p395,55,0,0
1497_p396,59,2,0
1498_p397,13,0,0
1499_p398,8,0,0
1500_p399,9,0,0
1501_p400,67,1,0
1502_p401,11,1,0
1503_p402,24,0,0
1504_p403,27,0,0
1505_p404,3,0,0
1506_p405,62,0,0
1507_p406,21,0,0
1508_p407,98,2,0
1509_p408,95,0,0
1510_p409,116,3,0
1511_p410,106,0,0
1512_p411,103,2,0
1513_p412,14,0,0
1514_p413,9,0,0
1515_p414,59,0,0
1516_p415,37,0,0
1517_p416,52,0,0
1518_p417,21,1,0
1519_p418,41,3,0
1520_p419,91,1,0
1521_p420,55,0,0
1522_p421,11,0,0
1523_p422,95,1,0
1524_p423,71,0,0
1525_p424,33,1,0
1526_p425,46,1,0
1527_p426,92,3,0
1528_p427,92,2,0
1529_p428,64,1,0
1530_p429,91,2,0
1531_p430,101,2,0
1532_p431,61,2,0
1533_p432,67,0,0
1534_p433,15,0,0
1535_p434,103,1,0
1536_p435,50,0,0
1537_p436,4,0,0
1538_p437,6,0,0
1539_p438,85,1,0
1540_p439,15,0,0
1541_p440,3,0,0
1542_p441,34,0,0
1543_p442,26,1,0
1544_p443,18,0,0
1545_p444,19,0,0
1546_p445,33,0,0
1547_p446,71,2,0
1548_p447,91,4,0
1549_p448,95,1,0
1550_p449,57,1,0
1551_p450,29,0,0
1552_p451,79,1,0
1553_p452,84,1,0
1554_p453,80,0,0
1555_p454,12,0,0
1556_p455,28,1,0
1557_p456,38,0,0
1558_p457,77,2,0
1559_p458,75,1,0
1560_p459,102,2,0
1561_p460,75,3,0
1562_p461,59,0,0
1563_p462,49,3,0
1564_p463,83,2,0
1565_p464,74,2,0
1566_p465,18,0,0
1567_p466,32,1,0
1568_p467,84,1,0
1569_p468,97,2,0
1570_p469,92,2,0
1571_p470,44,2,0
1572_p471,8,0,0
1573_p472,95,7,0
1574_p473,54,0,0
1575_p474,5,0,0
1576_p475,13,0,0
1577_p476,71,1,0
1578_p477,9,0,0
1579_p478,67,1,0
1580_p479,10,0,0
1581_p480,4,0,0
1582_p481,113,2,0
1583_p482,114,2,0
1584_p483,115,1,0
1585_p484,114,4,0
1586_p485,22,1,0
1587_p486,14,0,0
1588_p487,77,2,0
1589_p488,68,1,0
1590_p489,7,0,0
1591_p490,69,0,0
1592_p491,58,0,0
1593_p492,88,0,0
1594_p493,26,0,0
1595_p494,48,0,0
1596_p495,72,2,0
1597_p496,56,0,0
1598_p497,88,0,0
1599_p498,27,0,0
1600_p499,66,1,0
1601_p500,118,4,0
1602_p501,23,0,0
1603_p502,36,3,0
1604_p503,64,3,0
1605_p504,71,0,0
1606_p505,22,1,0
1607_p506,54,6,0
1608_p507,68,0,0
1609_p508,46,3,0
1610_p509,44,0,0
1611_p510,116,5,0
1612_p511,56,0,0
1613_p512,61,1,0
1614_p513,12,0,0
1615_p514,5,0,0
1616_p515,102,2,0
1617_p516,19,0,0
1618_p517,26,2,0
1619_p518,91,0,0
1620_p519,3,0,0
1621_p520,118,3,0
1622_p521,118,3,0
1623_p522,118,2,0
1624_p523,116,4,0
1625_p524,10,0,0
1626_p525,77,2,0
1627_p526,31,0,0
1628_p527,86,0,0
1629_p528,73,0,0
1630_p529,48,1,0
1631_p530,69,0,0
1632_p531,35,0,0
1633_p532,24,0,0
1634_p533,40,0,0
1635_p534,79,2,0
1636_p535,77,2,0
1637_p536,67,1,0
1638_p537,75,4,0
1639_p538,53,0,0
1640_p539,15,0,0
1641_p540,38,0,0
1642_p541,69,2,0
1643_p542,100,1,0
1644_p543,100,4,0
1645_p544,52,0,0
1646_p545,70,0,0
1647_p546,53,0,0
1648_p547,62,3,0
1649_p548,80,2,0
1650_p549,52,0,0
1651_p550,116,1,0
1652_p551,62,0,0
1653_p552,8,0,0
1654_p553,18,0,0
1655_p554,87,0,0
1656_p555,37,0,0
1657_p556,21,0,0
1658_p557,41,0,0
1659_p558,4,0,0
1660_p559,88,3,0
1661_p560,106,2,0
1662_p561,55,5,0
1663_p562,75,3,0
1664_p563,59,1,0
1665_p564,40,0,0
1666_p565,26,0,0
1667_p566,46,0,0
1668_p567,108,1,0
1669_p568,50,0,0
1670_p569,88,2,0
1671_p570,55,1,0
1672_p571,41,0,0
1673_p572,38,1,0
1674_p573,8,0,0
1675_p574,74,2,0
1676_p575,105,1,0
1677_p576,39,0,0
1678_p577,50,0,0
1679_p578,13,0,0
1680_p579,76,2,0
1681_p580,85,1,0
1682_p581,92,0,0
1683_p582,16,0,0
1684_p583,76,0,0
1685_p584,26,3,0
1686_p585,90,1,0
1687_p586,11,0,0
1688_p587,12,0,0
1689_p588,96,1,0
1690_p589,45,0,0
1691_p590,66,1,0
1692_p591,11,0,0
1693_p592,3,0,0
1694_p593,24,0,0
1695_p594,73,1,0
1696_p595,22,0,0
1697_p596,26,0,0
1698_p597,36,0,0
1699_p598,93,2,0
1700_p599,105,1,0
1701_p600,69,1,0
1702_p601,5,0,0
1703_p602,100,2,0
1704_p603,118,5,0
1705_p604,70,0,0
1706_p605,8,1,0
1707_p606,67,0,0
1708_p607,8,0,0
1709_p608,69,0,0
1710_p609,53,1,0
1711_p610,70,2,0
1712_p611,33,1,0
1713_p612,50,0,0
1714_p613,80,1,0
1715_p614,74,1,0
1716_p615,64,3,0
1717_p616,93,0,0
1718_p617,31,0,0
1719_p618,18,0,0
1720_p619,38,2,0
1721_p620,88,2,0
1722_p621,68,2,0
1723_p622,29,1,0
1724_p623,56,1,0
1725_p624,93,1,0
1726_p625,57,0,0
1727_p626,25,0,0
1728_p627,99,4,0
1729_p628,102,2,0
1730_p629,54,1,0
1731_p630,9,0,0
1732_p631,30,0,0
1733_p632,121,2,0
1734_p633,1,0,0
1735_p634,23,0,0
1736_p635,60,0,0
1737_p636,3,0,0
1738_p637,52,1,0
1739_p638,111,6,0
1740_p639,114,3,0
1741_p640,33,0,0
1742_p641,26,0,0
1743_p642,98,3,0
1744_p643,118,3,0
1745_p644,85,2,0
1746_p645,25,0,0
1747_p646,74,2,0
1748_p647,43,1,0
1749_p648,101,0,0
1750_p649,17,0,0
1751_p650,51,0,0
1752_p651,81,1,0
1753_p652,60,3,0
1754_p653,109,3,0
1755_p654,72,0,0
1756_p655,74,1,0
1757_p656,8,0,0
1758_p657,88,1,0
1759_p658,70,4,0
1760_p659,41,1,0
1761_p660,52,1,0
1762_p661,45,1,0
1763_p662,67,0,0
1764_p663,89,1,0
1765_p664,91,1,0
1766_p665,41,0,0
1767_p666,107,1,0
1768_p667,54,1,0
1769_p668,55,1,0
1770_p669,13,0,0
1771_p670,6,0,0
1772_p671,69,0,0
1773_p672,66,1,0
1774_p673,30,1,0
1775_p674,12,0,0
1776_p675,15,1,0
1777_p676,3,0,0
1778_p677,10,0,0
1779_p678,53,1,0
1780_p679,76,1,0
1781_p680,24,0,0
1782_p681,96,2,0
1783_p682,42,1,0
1784_p683,99,2,0
1785_p684,80,0,0
1786_p685,16,0,0
1787_p686,112,2,0
1788_p687,107,2,0
1789_p688,95,3,0
1790_p689,113,4,0
1791_p690,84,1,0
1792_p691,81,0,0
1793_p692,72,2,0
1794_p693,22,0,0
1795_p694,73,1,0
1796_p695,100,2,0
1797_p696,14,0,0
1798_p697,116,1,0
1799_p698,117,3,0
1800_p699,81,1,0
1801_p700,100,0,0
1802_p701,93,0,0
1803_p702,57,0,0
1804_p703,38,0,0
1805_p704,106,3,0
1806_p705,91,4,0
1807_p706,84,1,0
1808_p707,21,0,0
1809_p708,54,0,0
1810_p709,79,0,0
1811_p710,101,0,0
1812_p711,12,0,0
1813_p712,4,0,0
1814_p713,75,1,0
1815_p714,15,0,0
1816_p715,7,0,0
1817_p716,51,0,0
1818_p717,34,2,0
1819_p718,96,2,0
1820_p719,114,2,0
1821_p720,109,3,0
1822_p721,2,0,0
1823_p722,71,0,0
1824_p723,73,1,0
1825_p724,39,0,0
1826_p725,79,1,0
1827_p726,46,1,0
1828_p727,50,1,0
1829_p728,54,0,0
1830_p729,73,0,0
1831_p730,35,0,0
1832_p731,44,0,0
1833_p732,73,1,0
1834_p733,21,0,0
1835_p734,52,1,0
1836_p735,96,1,0
1837_p736,86,0,0
1838_p737,82,1,0
1839_p738,36,0,0
1840_p739,32,2,0
1841_p740,55,2,0
1842_p741,49,3,0
1843_p742,59,1,0
1844_p743,85,0,0
1845_p744,72,1,0
1846_p745,85,1,0
1847_p746,10,0,0
1848_p747,100,2,0
1849_p748,53,0,0
1850_p749,5,0,0
1851_p750,37,0,0
1852_p751,76,2,0
1853_p752,9,1,0
1854_p753,38,0,0
1855_p754,26,0,0
1856_p755,2,0,0
1857_p756,94,0,0
1858_p757,114,1,0
1859_p758,98,4,0
1860_p759,19,0,0
1861_p760,53,0,0
1862_p761,27,0,0
1863_p762,74,1,0
1864_p763,49,0,0
1865_p764,12,0,0
1866_p765,53,3,0
1867_p766,50,2,0
1868_p767,83,0,0
1869_p768,40,1,0
1870_p769,60,2,0
1871_p770,75,1,0
1872_p771,56,2,0
1873_p772,103,2,0
1874_p773,17,0,0
1875_p774,69,0,0
1876_p775,83,1,0
1877_p776,52,1,0
1878_p777,81,1,0
1879_p778,91,1,0
1880_p779,78,1,0
1881_p780,82,2,0
1882_p781,51,1,0
1883_p782,24,0,0
1884_p783,28,0,0
1885_p784,12,1,0
1886_p785,115,1,0
1887_p786,56,0,0
1888_p787,54,1,0
1889_p788,4,0,0
1890_p789,3,0,0
1891_p790,34,0,0
1892_p791,8,0,0
1893_p792,55,1,0
1894_p793,2,0,0
1895_p794,51,0,0
1896_p795,88,3,0
1897_p796,105,3,0
1898_p797,73,2,0
1899_p798,7,0,0
1900_p799,31,0,0
1901_p800,80,4,0
1902_p801,78,0,0
1903_p802,59,0,0
1904_p803,58,1,0
1905_p804,65,0,0
1906_p805,69,0,0
1907_p806,34,0,0
1908_p807,38,0,0
1909_p808,77,1,0
1910_p809,92,1,0
1911_p810,77,2,0
1912_p811,74,0,0
1913_p812,70,2,0
1914_p813,82,0,0
1915_p814,50,1,0
1916_p815,14,1,0
1917_p816,50,1,0
1918_p817,38,0,0
1919_p818,67,1,0
1920_p819,75,0,0
1921_p820,24,1,0
1922_p821,95,0,0
1923_p822,45,0,0
1924_p823,55,1,0
1925_p824,4,0,0
1926_p825,2,0,0
1927_p826,32,0,0
1928_p827,66,0,0
1929_p828,17,0,0
1930_p829,7,0,0
1931_p830,19,0,0
1932_p831,4,0,0
1933_p832,26,0,0
1934_p833,102,1,0
1935_p834,114,0,0
1936_p835,95,3,0
1937_p836,81,1,0
1938_p837,24,0,0
1939_p838,77,1,0
1940_p839,116,4,0
1941_p840,48,0,0
1942_p841,49,4,0
1943_p842,41,0,0
1944_p843,84,0,0
1945_p844,8,0,0
1946_p845,8,0,0
1947_p846,47,0,0
1948_p847,95,1,0
1949_p848,107,0,0
1950_p849,49,0,0
1951_p850,33,0,0
1952_p851,60,0,0
1953_p852,101,4,0
1954_p853,89,3,0
1955_p854,11,0,0
1956_p855,74,1,0
1957_p856,72,2,0
1958_p857,45,2,0
1959_p858,50,2,0
1960_p859,29,0,0
1961_p860,73,3,0
1962_p861,112,1,0
1963_p862,50,0,0
1964_p863,2,0,0
1965_p864,10,0,0
1966_p865,71,0,0
1967_p866,7,0,0
1968_p867,11,0,0
1969_p868,48,0,0
1970_p869,3,0,0
1971_p870,62,4,0
1972_p871,62,1,0
1973_p872,91,4,0
1974_p873,6,0,0
1975_p874,46,0,0
1976_p875,72,0,0
1977_p876,93,1,0
1978_p877,59,0,0
1979_p878,71,2,0
1980_p879,104,0,0
1981_p880,59,3,0
1982_p881,45,0,0
1983_p882,41,0,0
1984_p883,49,0,0
1985_p884,39,0,0
1986_p885,66,2,0
1987_p886,22,1,0
1988_p887,68,1,0
1989_p888,87,2,0
1990_p889,58,0,0
1991_p890,41,1,0
1992_p891,7,0,0
1993_p892,46,1,0
1994_p893,60,2,0
1995_p894,62,3,0
1996_p895,66,0,0
1997_p896,10,0,0
1998_p897,51,0,0
1999_p898,98,1,0
2000_p899,54,0,0
2001_p900,56,2,0
2002_p901,3,0,0
